0	0.2241271203954389
1	0.2241267170690839
2	0.2241277101378432
3	0.22412812526182269
4	0.22412639604083837
5	0.22412756015221294
6	0.22412711773527216
7	0.22412719798948444
8	0.22412642698496715
9	0.22412265806935347
10	0.2241276044776237
11	0.2241282821342407
12	0.22412791268785043
13	0.2241282248221086
14	0.22412719053644445
15	0.22412814103904544
16	0.22412767888273807
17	0.22412849012237526
18	0.22412768364998337
19	0.22412834131133821
20	0.2241284002028028
21	0.22412811325041532
22	0.22412181317698268
23	0.22412816901729807
24	0.22412876691797287
25	0.22412739607555468
26	0.22412737949485476
27	0.22412757717124193
28	0.22412711974617663
29	0.22412823528663203
30	0.22412833075535873
31	0.224127358735528
32	0.22412830837844824
33	0.22412711800557172
34	0.2241278876633238
35	0.22412848576140895
36	0.22412793542944515
37	0.22412862794033947
38	0.22412828645054794
39	0.22412828611882038
40	0.22412200910477978
41	0.22412205828117912
42	0.22412770147685812
43	0.22411674898948689
44	0.2241271079082639
45	0.2241284068569327
46	0.22412738620748926
47	0.2241276963623658
48	0.22412824594959885
49	0.22412656990768587
50	0.22412840857832642
51	0.22412680210308564
52	0.22412789082721546
53	0.2241264012875206
54	0.22412752613558226
55	0.2241278654824136
56	0.22412773589123655
57	0.2241267214580505
58	0.2241279721772495
59	0.2241284695680012
60	0.2241282177720587
61	0.22412688640385045
62	0.22412811245737954
63	0.22412782352981286
64	0.22412757779609063
65	0.2241262400716151
66	0.2241282767060479
67	0.22412878694374863
68	0.224127688893817
69	0.2241282183501653
70	0.22412815749526274
71	0.22412720008270617
72	0.224128141651488
73	0.2241287124625099
74	0.22412806640889732
75	0.22412843111411193
76	0.22412789320697835
77	0.22412760593570738
78	0.22412754448312777
79	0.2241286975730901
80	0.2241280382152136
81	0.22412790856693504
82	0.22412740536578601
83	0.2241277649423697
84	0.22412817363478332
85	0.2241277033022124
86	0.22412864282337028
87	0.22412788676929052
88	0.22412801529355153
89	0.22412780287861556
90	0.22412442311568
91	0.22412851953702903
92	0.22412831461316596
93	0.22412766306649512
94	0.2241279965734464
95	0.22412835384883742
96	0.22412693076926127
97	0.2241286465784389
98	0.22412816644041883
99	0.22412845960257524
100	0.22412784525571333
101	0.22412165059369538
102	0.22412794018843515
103	0.2241231687642113
104	0.22412805619517787
105	0.22412834973488016
106	0.22412807887136807
107	0.22412158573793334
108	0.2241278321530163
109	0.224121316432047
110	0.22412226547234554
111	0.22412487338386408
112	0.22412770628986775
113	0.2241272214142332
114	0.22412667287766538
115	0.22412753769650817
116	0.22412834739337248
117	0.22412821888648804
118	0.22412859516758027
119	0.2241199704540764
120	0.22412808214618635
121	0.22412786583702973
122	0.22412708678175394
123	0.22412813957345007
124	0.22412593934732128
125	0.22412648781398348
126	0.22412867852136076
127	0.22412794022326027
128	0.22412790639291438
129	0.22412901320432432
130	0.22412836105300352
131	0.22412782932665778
132	0.2241270890055708
133	0.224128137677507
134	0.2241273302095972
135	0.22412201957409422
136	0.22412876298048484
137	0.22412761729954542
138	0.22412789376726786
139	0.22412757206061873
140	0.22412792748222504
141	0.22412674735266278
142	0.22412769764017942
143	0.2241270171566674
144	0.2241265970753933
145	0.22412673115258153
146	0.22412730928490499
147	0.22412778477045492
148	0.22412840193802758
149	0.22412758963430057
150	0.2241251803798014
151	0.22412854890344852
152	0.22412833207150612
153	0.22412840909386095
154	0.22412858115788895
155	0.22412757852809184
156	0.22412818858893896
157	0.22412745251878163
158	0.22412165046178614
159	0.2241235020026392
160	0.22412798774485485
161	0.22412668096671548
162	0.22412728311289662
163	0.22412806873297797
164	0.22412820290880103
165	0.22412772634548067
166	0.2241213298678334
167	0.22412791072092783
168	0.2241272664833228
169	0.22412759475589814
170	0.22412847634878774
171	0.22412840764055947
172	0.2241218099574569
173	0.22412324433033526
174	0.22412811222584614
175	0.22412837685080653
176	0.22412694180308007
177	0.22412788009964718
178	0.22412694179588674
179	0.2241277794124301
180	0.22412759577556057
181	0.22412753276380568
182	0.22412763928173837
183	0.22412774862643334
184	0.2241275664430681
185	0.2241237477627163
186	0.22412776265417023
187	0.2241280410994647
188	0.2241284068826267
189	0.22412741790301147
190	0.22412675307346241
191	0.22412763851417872
192	0.22412760544424268
193	0.2241274757749549
194	0.2241274619427206
195	0.22412847204476333
196	0.2241284898869254
197	0.22412762073183776
198	0.22412776317290398
199	0.22412777468554143
200	0.22412744105411025
201	0.22412845424470568
202	0.22412865801433152
203	0.2241277603164164
204	0.22412639015899838
205	0.2241212330004353
206	0.22412565690926967
207	0.2241276463963286
208	0.22412720029952557
209	0.2241268981041178
210	0.22412830879880563
211	0.22412797943209137
212	0.2241195721515794
213	0.22411975567477144
214	0.2241282820920004
215	0.22412851153991561
216	0.22412753521660023
217	0.22412143081813132
218	0.22412820933032224
219	0.22412703434580694
220	0.22412556988099774
221	0.22412782766212438
222	0.22412786545498262
223	0.22412893802561806
224	0.22412206238316565
225	0.22412124903112118
226	0.22412814133754808
227	0.2241235950680894
228	0.22412523353935607
229	0.2241273818671484
230	0.22412843671311466
231	0.2241265408190414
232	0.22412836828092045
233	0.22412249311777982
234	0.22412339940867523
235	0.22412765493207626
236	0.22412800757864484
237	0.22412804384293825
238	0.2241277498637043
239	0.22412607475595242
240	0.22412829892244804
241	0.22412711385550757
242	0.22412653716828307
243	0.22412798477421722
244	0.22412789053339768
245	0.22412738647905725
246	0.22412818547740387
247	0.22412824536519246
248	0.22412794272832856
249	0.22412825290849248
250	0.22412855911015062
251	0.22412765478342123
252	0.22412847906093497
253	0.22412620824229995
254	0.2241270506724186
255	0.224128362432918
256	0.22412789025959504
257	0.22412780612372107
258	0.22412787470919748
259	0.2241276788396822
260	0.22412769388191145
261	0.22412863417961532
262	0.2241270970714377
263	0.22412834322286906
264	0.22412695439497374
265	0.22411990874153162
266	0.22412837700005622
267	0.22412820402115577
268	0.22412685879492764
269	0.2241281239105871
270	0.224127292514518
271	0.2241276163304172
272	0.2241283341660644
273	0.2241265020525155
274	0.22412662633513872
275	0.2241277480729206
276	0.22412760013209285
277	0.2241280832831854
278	0.2241267841876777
279	0.22412568727854254
280	0.22412817227991025
281	0.2241266093590508
282	0.22412837651471681
283	0.22412582839326006
284	0.22412803504819412
285	0.2241193240235496
286	0.22412789367450692
287	0.22412811268984664
288	0.22412103432715333
289	0.22412644061023582
290	0.224127528025369
291	0.2241280975978389
292	0.22412690713949002
293	0.2241271149873782
294	0.22412690825982368
295	0.2241265004900446
296	0.224127299674113
297	0.22412146648671866
298	0.2241276804984184
299	0.22412800083958437
300	0.22412709169477107
301	0.2241281971621535
302	0.22412795143311715
303	0.22412799999702004
304	0.2241279621189045
305	0.22412807551850167
306	0.22412786485022257
307	0.22412724943427553
308	0.22412771655579125
309	0.2241280790543366
310	0.22412808611710466
311	0.2241274210892862
312	0.22412825703571226
313	0.22412339998886324
314	0.22412835312341486
315	0.22412737690518356
316	0.22412784053017246
317	0.22412820129178448
318	0.22412737712848474
319	0.2241272473161416
320	0.22412822739624963
321	0.22412405461465051
322	0.2241181411598324
323	0.22412746662530755
324	0.22412796999316525
325	0.2241276986258648
326	0.22412772479701673
327	0.2241285033098265
328	0.22412044661911013
329	0.2241276015607416
330	0.22412860213025745
331	0.22412334182163474
332	0.22412774403010857
333	0.22412815070491
334	0.22412709620421586
335	0.2241286792604451
336	0.22412794483864673
337	0.2241276797014527
338	0.22412552228040908
339	0.22411990147810956
340	0.22412714855117347
341	0.22412710079664858
342	0.22412767540058853
343	0.2241272007385178
344	0.2241282243826931
345	0.22412763076008235
346	0.22412826217833512
347	0.22412719626293015
348	0.22412802676550192
349	0.22412818245453542
350	0.22412825144142756
351	0.22412742998339455
352	0.2241249205449565
353	0.22412764656598705
354	0.22412787720846145
355	0.2241263782133062
356	0.22412647941406413
357	0.22412753507994496
358	0.22412755453973285
359	0.2241270975984
360	0.22411970362136538
361	0.22412730581230908
362	0.22412741614511403
363	0.22412826183011184
364	0.2241277154554364
365	0.22412790455789638
366	0.22412625854936613
367	0.2241270587243983
368	0.22412707307208612
369	0.22412716656896325
370	0.2241283201072434
371	0.22412807730693018
372	0.2241282164452421
373	0.22412734044178712
374	0.22412673289234009
375	0.22412817902433133
376	0.2241261553830435
377	0.22412745367406475
378	0.22412757817200257
379	0.2241274734961926
380	0.2241247144585705
381	0.22412750637349177
382	0.22412709023989005
383	0.2241278638622065
384	0.2241270261864762
385	0.2241274344418228
386	0.2241269246563043
387	0.22412778117618856
388	0.22412853247377973
389	0.22412739558971528
390	0.22412718124588737
391	0.22412720954733306
392	0.22412682093713504
393	0.22412798959463082
394	0.22412839668715456
395	0.22412296042820165
396	0.22412787934118736
397	0.22412709398204075
398	0.22412816031265115
399	0.2241274961739582
400	0.22412804852210547
401	0.22412831126457536
402	0.2241281613563907
403	0.22412695745220243
404	0.2241270960684957
405	0.22412657167175817
406	0.22412682233173697
407	0.2241270550185893
408	0.2241273961393263
409	0.22412844197967086
410	0.22412762216815024
411	0.22412740437660283
412	0.2241278069081986
413	0.22412662298798486
414	0.22412726055272925
415	0.2241269166868256
416	0.22412747143060346
417	0.22412736534079455
418	0.22412612654002737
419	0.22412814865681793
420	0.22412721268687474
421	0.22412720277138795
422	0.22412313497556408
423	0.22412841489787103
424	0.2241232229777966
425	0.22412047993959067
426	0.22412714208165663
427	0.22412812756886588
428	0.22412754611344135
429	0.2241282710764609
430	0.2241273289348609
431	0.22412275921618136
432	0.22412795656498172
433	0.22412793698895905
434	0.22412803988037278
435	0.22412689165802274
436	0.22411547004372734
437	0.22412740527428382
438	0.22412663192143722
439	0.22412746628704108
440	0.2241264085330587
441	0.22412741994717544
442	0.22412637951392891
443	0.2241272902868037
444	0.22412817725779044
445	0.22412693809308093
446	0.22412822794561849
447	0.22412838662937828
448	0.22412825927951258
449	0.2241275658085926
450	0.22412661101134945
451	0.22412809846235915
452	0.2241277903967306
453	0.22412824936379522
454	0.22412747788739543
455	0.22412711289015405
456	0.2241280357500215
457	0.2241273653056354
458	0.22412669130356075
459	0.224127976826342
460	0.2241224520552425
461	0.22412646222374583
462	0.22412693068158235
463	0.2241280593184901
464	0.22412753871390323
465	0.2241269028689803
466	0.2241280875491155
467	0.22412767484001767
468	0.22412699220906337
469	0.22412739169649296
470	0.2241266005439904
471	0.22412764498936208
472	0.22412744961850858
473	0.22412116130079532
474	0.2241277924467575
475	0.22412824559551747
476	0.22412803688062743
477	0.22412757359699126
478	0.2241244691189958
479	0.22412754817404668
480	0.22412719846706117
481	0.22412649303217286
482	0.2241203949337539
483	0.2241268420399017
484	0.2241275577985839
485	0.22412751640094472
486	0.2241274177587072
487	0.22412771396185147
488	0.22412867970799324
489	0.22412806061420557
490	0.22412781010928468
491	0.224126666951598
492	0.2241275763663667
493	0.22412775453435316
494	0.22412756193409356
495	0.22412812211969924
496	0.22412685227281548
497	0.22412766780584337
498	0.22412555014200314
499	0.22412611833037369
500	0.22412737490104132
501	0.22412742124708868
502	0.22412769337405847
503	0.22412685954164197
504	0.22412795742317085
505	0.2241277577250962
506	0.22412773800276006
507	0.22412684896813556
508	0.2241225436308835
509	0.2241280566752629
510	0.22412805545812428
511	0.22412647570346797
512	0.22412665443380844
513	0.22412731115069012
514	0.22412797992259478
515	0.2241278699446549
516	0.22412766648340063
517	0.22412593053207683
518	0.2241275353100333
519	0.2241274749602034
520	0.22412794933632887
521	0.22412698213663645
522	0.22412733766839582
523	0.22412642442075165
524	0.2241274932951545
525	0.22411128175861356
526	0.22411730658327086
527	0.22412739854981265
528	0.22412765512055186
529	0.22412787006960788
530	0.22412168660144294
531	0.224125175000991
532	0.2241265595407977
533	0.2241266437413757
534	0.22412120499259416
535	0.22412727486381126
536	0.22412693009591197
537	0.22412814925647923
538	0.22412718238023763
539	0.2241284173877257
540	0.2241277748457541
541	0.2241273932852658
542	0.22412776076542354
543	0.22412771654555713
544	0.2241263134160126
545	0.22411872643345543
546	0.2241269531792765
547	0.22412591780371638
548	0.22412752229567362
549	0.2241208854474074
550	0.2241280682294854
551	0.22412799893573793
552	0.2241279391222051
553	0.22412671748288057
554	0.22412749339100174
555	0.22412534285311592
556	0.22412323828022063
557	0.22412757658018054
558	0.22412798006036017
559	0.22412532087900996
560	0.22412817096510348
561	0.22412718683480667
562	0.22412701553430006
563	0.22412711200971747
564	0.22412329289899416
565	0.22412796831274534
566	0.224127700024805
567	0.22412653035526123
568	0.22412529685738022
569	0.22412787238484247
570	0.22412655340120224
571	0.22412741997373026
572	0.22412799811897605
573	0.2241278711837234
574	0.2241277891817005
575	0.22412746918036167
576	0.2241268960177584
577	0.22412744590226646
578	0.22412859549184605
579	0.22412803359303057
580	0.22412350578331175
581	0.22412555411120946
582	0.22412751468570913
583	0.2241277573948822
584	0.22411873359246162
585	0.22412818695367526
586	0.22412783336334924
587	0.22412777943068135
588	0.2241277355500757
589	0.22412783022498728
590	0.22412026764011797
591	0.22412685290512477
592	0.22412780051874354
593	0.22412708727328434
594	0.2241270481908592
595	0.2241271826131969
596	0.2241273017820814
597	0.22412765989970662
598	0.2241278337280384
599	0.22412802440078944
600	0.22412749635624418
601	0.2241278812613537
602	0.2241270125659187
603	0.22412807038992064
604	0.2241210377392066
605	0.2241275889309312
606	0.2241265982589174
607	0.22412706581525704
608	0.22412829721714
609	0.22412819445310184
610	0.2241277257443711
611	0.22412635380534376
612	0.2241264800668999
613	0.2241275845177862
614	0.22412769686637454
615	0.22412731877076067
616	0.22412801310826788
617	0.22412138533196083
618	0.22412560978557175
619	0.2241278167100701
620	0.22412771277440974
621	0.22412584448217868
622	0.22412757702664332
623	0.22412805961130292
624	0.22412786064034165
625	0.2241272593029882
626	0.2241269400864173
627	0.2241280026221202
628	0.22412774857090445
629	0.2241279836890421
630	0.22412721786200068
631	0.22412708026201555
632	0.2241271592326405
633	0.22412684240588998
634	0.22412766515292157
635	0.22412683884737103
636	0.22412614941388928
637	0.22412736250322238
638	0.2241275427513869
639	0.2241278282075977
640	0.22412673080443665
641	0.22412759960822212
642	0.22412697166071224
643	0.22412453235626628
644	0.22412802748590221
645	0.22412779661577012
646	0.22412752444154244
647	0.22412497953551036
648	0.2241267251276249
649	0.22412731947861858
650	0.22412811683247372
651	0.2241262356214804
652	0.22412681419792957
653	0.22412745761085215
654	0.2241275606591295
655	0.22412763356165621
656	0.22412777015162053
657	0.22412715439624756
658	0.22412780195507656
659	0.22412671105113768
660	0.22412745266367115
661	0.22412715161629376
662	0.22412734858989197
663	0.22412633117900765
664	0.22412796321930875
665	0.22412695280263978
666	0.22412693452361263
667	0.2241273381984082
668	0.22412699627153324
669	0.2241276973482164
670	0.2241282244030811
671	0.2241274637276586
672	0.22412760269782434
673	0.22412688178760143
674	0.22412820157746935
675	0.22412144712711884
676	0.22412762824509821
677	0.22412754812489608
678	0.22412648157398793
679	0.22412788180988544
680	0.22412809825180588
681	0.22412655350174127
682	0.22412759021883
683	0.22412761839641687
684	0.22412678618484316
685	0.22412750543432977
686	0.2241267825611621
687	0.22412816226987664
688	0.22412784799041094
689	0.22412800346965836
690	0.22412217907078136
691	0.22412802966412512
692	0.22412765527841028
693	0.2241275330093573
694	0.22412672373078185
695	0.22412651221821087
696	0.22412807112175043
697	0.22412583049226115
698	0.22412684023838783
699	0.2241272426038278
700	0.22412652630747462
701	0.22412684060236188
702	0.2241278192676191
703	0.22412590537099344
704	0.22412788720272914
705	0.22412662766009328
706	0.22412692546545618
707	0.2241279292839441
708	0.22412669441753386
709	0.22412698231579414
710	0.22412763883094733
711	0.22411509831072185
712	0.22412773750083229
713	0.22412692689853586
714	0.22412798713985957
715	0.22412767054316657
716	0.22412679017781525
717	0.2241269702461139
718	0.22412726456024756
719	0.22412620565956873
720	0.22412722363993376
721	0.22412652875881917
722	0.2241272947891579
723	0.22412743855687847
724	0.22412642473762645
725	0.22412847772425168
726	0.22412656198058578
727	0.22412690282887004
728	0.22412759851874486
729	0.22412682489735347
730	0.22412657030962815
731	0.2241272954208078
732	0.22412771056609962
733	0.22412788507594725
734	0.22412713981107985
735	0.22412791285735414
736	0.22412678403646183
737	0.2241261447755885
738	0.22412809545359869
739	0.22412791035930313
740	0.22412771985137891
741	0.224127520299747
742	0.22412611960932402
743	0.22412741176415824
744	0.22412669484674455
745	0.22412063521573092
746	0.22412528493209632
747	0.22412796238341284
748	0.22412708402654766
749	0.2241269432472779
750	0.2241261233482397
751	0.22412250964195668
752	0.22412659214374678
753	0.22412683386843435
754	0.22412781094681392
755	0.22412786104041849
756	0.22412743176813255
757	0.22412814107369738
758	0.22412718990336816
759	0.22412658277999367
760	0.22412667412858664
761	0.22412806727432769
762	0.22412775387312472
763	0.22412686923201902
764	0.22412729589561853
765	0.2241263507246076
766	0.22412733657961154
767	0.22412288425806268
768	0.22412791899509024
769	0.224125331956965
770	0.22412766473838527
771	0.22412633369592316
772	0.22412779612487352
773	0.22412775046902264
774	0.22412747248867534
775	0.22412755107732682
776	0.22412714206823253
777	0.22412585565700827
778	0.22412750548286742
779	0.2241269753881104
780	0.2241278524918796
781	0.22412767161877198
782	0.2241196154465446
783	0.22412769597588023
784	0.22412675248322292
785	0.2241279876078636
786	0.2241274017698967
787	0.22412722163173404
788	0.2241270225185042
789	0.22412620968381294
790	0.22412766126476968
791	0.22411849845152995
792	0.2241262718103868
793	0.2241263081240509
794	0.2241278504000444
795	0.22412102518203852
796	0.2241279277203681
797	0.22412767634511432
798	0.22412702599366405
799	0.22412688128537753
800	0.2241274955794438
801	0.22412755533291862
802	0.22412741488970728
803	0.22412180769783976
804	0.22412737056600812
805	0.22412747744322736
806	0.22412735241786405
807	0.2241265486741078
808	0.22412782130553657
809	0.22412667644410628
810	0.22412736404315606
811	0.22412633635510898
812	0.22412673377205997
813	0.22412775257729564
814	0.22412671911757484
815	0.22412596522936157
816	0.22412729586454833
817	0.22412631255147406
818	0.22412763113804024
819	0.22412696854546385
820	0.22412758250380704
821	0.22412750409553636
822	0.22412750606978246
823	0.2241278351220929
824	0.22412722412993083
825	0.22412745570019557
826	0.22412341304703715
827	0.2241278070958363
828	0.22412670299871212
829	0.22412703816579083
830	0.22412713633738007
831	0.2241227511250791
832	0.2241267698890062
833	0.22412738341632482
834	0.22411779972686308
835	0.22412713933955852
836	0.22412691332754225
837	0.22412234813695314
838	0.22412795993166984
839	0.22412721856566986
840	0.22412775138669216
841	0.22412792883574378
842	0.22412717764636791
843	0.22412635725140673
844	0.22412679830805976
845	0.22412684887249779
846	0.22412733359897388
847	0.22412700726912144
848	0.2241274599843305
849	0.22412745437863812
850	0.22412747869283378
851	0.2241268552619248
852	0.22412512008022595
853	0.2241266457674571
854	0.22412709929420252
855	0.22412736756063134
856	0.22412684791601284
857	0.22412727917199637
858	0.22412676302741463
859	0.22412735826121744
860	0.22412634274237436
861	0.22412724659867195
862	0.22412775501189838
863	0.22412710261941093
864	0.22412734853939087
865	0.22412711624147913
866	0.22412692750826912
867	0.22412727439489483
868	0.22412728386947067
869	0.22412621762698343
870	0.2241271241357648
871	0.22412778078174986
872	0.2241275218882175
873	0.22412636031636848
874	0.2241266785072844
875	0.2241274537566234
876	0.2241269957580148
877	0.22412156004242464
878	0.22412774886091175
879	0.22412613306498008
880	0.2241272358065769
881	0.22412627573190796
882	0.22412598794833516
883	0.2241275238789706
884	0.2241274218502871
885	0.22412780556063894
886	0.22412720906416328
887	0.22412738371065533
888	0.22412764264294902
889	0.22412494185180326
890	0.2241220202460403
891	0.22412184662597437
892	0.2241270509069316
893	0.22412669046151318
894	0.2241229673499988
895	0.22411803214229123
896	0.22412698442420784
897	0.2241277219361557
898	0.22412637411979575
899	0.22412788317674137
900	0.2241273812422945
901	0.22412675343191008
902	0.22412761036210507
903	0.22412742206691777
904	0.22412662316957305
905	0.22412590366146656
906	0.22412584738911734
907	0.2241255087537283
908	0.22412728724138975
909	0.22412730323705551
910	0.224125928694573
911	0.22412748463657234
912	0.22412718586869493
913	0.22412309768958807
914	0.2241275703839368
915	0.22412696615489663
916	0.22412650076875446
917	0.22412724856092375
918	0.22412699938966552
919	0.22412734163299336
920	0.22412719686496813
921	0.22412632191839582
922	0.2241201155513643
923	0.22412761453910549
924	0.22412554882870803
925	0.22412692544832108
926	0.22412689254371526
927	0.22412642561433951
928	0.22412622861449566
929	0.2241274633473599
930	0.22412765939724802
931	0.2241271946338481
932	0.2241262209380421
933	0.22412684928790855
934	0.2241268018890836
935	0.22412683420745727
936	0.22412660122336348
937	0.2241275946010263
938	0.2241265428609882
939	0.22412733652084293
940	0.22412704498180086
941	0.22412807026925605
942	0.22412742174309275
943	0.22412760289232397
944	0.22412734538775617
945	0.22412572863082939
946	0.22412723162168421
947	0.2241261599106591
948	0.22412744177002
949	0.22412647508611025
950	0.22412747372293637
951	0.22412723488563
952	0.22412633667917514
953	0.22412700410351746
954	0.22412704214825738
955	0.22412212207067592
956	0.22412688042173762
957	0.22412722389621262
958	0.22412753297997992
959	0.22412705936327498
960	0.2241257183862
961	0.2241275416381929
962	0.22412678777098305
963	0.22412741342777914
964	0.22412659979617944
965	0.22412755110451454
966	0.2241251546930979
967	0.22412755052404715
968	0.22412618749288635
969	0.22412684232414043
970	0.22412758828998686
971	0.22412735940713657
972	0.2241277703062345
973	0.22412698810503784
974	0.2241264822570043
975	0.22412665342591298
976	0.22412666417855107
977	0.22412273348937062
978	0.22412437438885813
979	0.22412705720308096
980	0.22412633521009986
981	0.22412678687510837
982	0.22412676759292563
983	0.224119717709569
984	0.22412743932089418
985	0.22412257941877828
986	0.22412708661466135
987	0.22412690786981299
988	0.22412774684282197
989	0.22412330820880338
990	0.2241275378918076
991	0.22412266367423148
992	0.22412725337947575
993	0.22412731480905398
994	0.22412713053661154
995	0.22412691338927213
996	0.22412663789177964
997	0.22412689428289237
998	0.2241267794091568
999	0.22412661986137017
1000	0.22407519881912052
1001	0.22406679132868002
1002	0.22406708688091892
1003	0.2240663941278215
1004	0.22406761983555545
1005	0.22406854198551998
1006	0.22406764063124393
1007	0.22406805391999332
1008	0.22406631118060802
1009	0.2240736617715387
1010	0.22406645033994793
1011	0.22406758531000237
1012	0.22406724338061018
1013	0.22406813104244055
1014	0.22407430529767622
1015	0.224066938279254
1016	0.22406646934775185
1017	0.22406662747203449
1018	0.2240671325182849
1019	0.22407205731314045
1020	0.22406614591834748
1021	0.22406700228994644
1022	0.22406859799234813
1023	0.22406739148651572
1024	0.22406656874387093
1025	0.2240673441513739
1026	0.22406655613548956
1027	0.2240734842036606
1028	0.2240721793662537
1029	0.2240672895824179
1030	0.22406661299756617
1031	0.22407416832692367
1032	0.22406822908360932
1033	0.22406718966524133
1034	0.22406672355742902
1035	0.2240668930960447
1036	0.22406833704615325
1037	0.2240666806139252
1038	0.22406784288120904
1039	0.2240671971026693
1040	0.2240675338759635
1041	0.22406756401848887
1042	0.22406660187981386
1043	0.22407158578677433
1044	0.22406707741370996
1045	0.2240666640833556
1046	0.22406650378706108
1047	0.22407590533840352
1048	0.22406771122003166
1049	0.22406622347076732
1050	0.224066585416251
1051	0.22406686065915987
1052	0.22406722153285893
1053	0.2240661883302582
1054	0.22406728523162503
1055	0.22406737443463
1056	0.224069726347299
1057	0.22406799076646286
1058	0.2240673876807549
1059	0.2240665017619604
1060	0.22407462966761146
1061	0.22406628953673652
1062	0.22407053253168152
1063	0.22406717671790302
1064	0.22407454869535748
1065	0.22406593635977606
1066	0.2240670819878325
1067	0.22407459675470068
1068	0.22406690450608205
1069	0.22406631216534317
1070	0.22406718052690908
1071	0.22406707665624687
1072	0.22406734948996085
1073	0.22406689197715537
1074	0.2240671582217738
1075	0.2240667124300734
1076	0.22406722690451336
1077	0.2240663643964904
1078	0.22406686043164462
1079	0.2240674322058382
1080	0.22406689250879575
1081	0.22406655417801688
1082	0.22406726459366524
1083	0.22406715174379746
1084	0.2240670612431579
1085	0.22406734143763424
1086	0.22407161237585488
1087	0.22406766798645691
1088	0.2240667589199329
1089	0.22406799085144577
1090	0.22406643063842502
1091	0.2240664187137424
1092	0.22406724382771295
1093	0.2240673712582822
1094	0.22406721110306774
1095	0.2240677227005043
1096	0.22407478553112256
1097	0.22406771941316023
1098	0.22406944516774246
1099	0.22406679754475956
1100	0.22407349395012807
1101	0.2240680698164063
1102	0.22406826777510547
1103	0.2240671102907012
1104	0.22406605353176773
1105	0.2240665109425152
1106	0.22406825860937216
1107	0.2240673482696744
1108	0.22406644339347626
1109	0.2240687885070916
1110	0.22406962938401456
1111	0.22406728305415055
1112	0.22406607801141856
1113	0.22406915242060876
1114	0.22406693776095069
1115	0.22407236739653338
1116	0.2240678039519255
1117	0.22406734997519573
1118	0.2240669956953269
1119	0.22406644398765851
1120	0.22406719990645646
1121	0.22406716270390825
1122	0.2240671943403901
1123	0.224067090942595
1124	0.22406753918516273
1125	0.2240671975473632
1126	0.22406772240456174
1127	0.22406735474301662
1128	0.22406716516074657
1129	0.2240670805727422
1130	0.22407123890565686
1131	0.224066625200928
1132	0.22406768236198224
1133	0.2240681652874666
1134	0.22406762589692428
1135	0.2240666189105629
1136	0.22406681628195804
1137	0.22406812273727772
1138	0.22406789086233658
1139	0.2240667262926344
1140	0.22406742524990364
1141	0.22406671115129095
1142	0.2240668034518751
1143	0.22407286939616086
1144	0.22406973739458735
1145	0.224068717171764
1146	0.2240664340943224
1147	0.22406656291648758
1148	0.22406751047407863
1149	0.22406726425361628
1150	0.22406815299095917
1151	0.22407275152578376
1152	0.2240673095557753
1153	0.2240664303242278
1154	0.22406619058042487
1155	0.22406754867243323
1156	0.22406717135680412
1157	0.2240675010219883
1158	0.22406767516658516
1159	0.22406686046843935
1160	0.22407186053205286
1161	0.22406640140208542
1162	0.22406690060583245
1163	0.2240665956258934
1164	0.22406634785987728
1165	0.22406816480727493
1166	0.22406859819287464
1167	0.22406788820717588
1168	0.2240677901918602
1169	0.22406656006897258
1170	0.22407415766367117
1171	0.2240676370327581
1172	0.2240680013145059
1173	0.22406922443519578
1174	0.22406707616381633
1175	0.22407484211558046
1176	0.22406730421111443
1177	0.22406807279909918
1178	0.2240666831985214
1179	0.22406680169262308
1180	0.22406677047373133
1181	0.22406654333297202
1182	0.22407438670567534
1183	0.2240670253551056
1184	0.2240665924426633
1185	0.22407460418453842
1186	0.2240668072766282
1187	0.2240672430422289
1188	0.22406638796065545
1189	0.22406697335044684
1190	0.22406723397699957
1191	0.22406692814823437
1192	0.22406774842237204
1193	0.22406706173393937
1194	0.22406725994666155
1195	0.22406822919617056
1196	0.22406683436642105
1197	0.22406700425945736
1198	0.22406644273985712
1199	0.22406677689717758
1200	0.22406651469201166
1201	0.2240672209157391
1202	0.22406651897655974
1203	0.22406777908776185
1204	0.22406780808035537
1205	0.22406684186919765
1206	0.22406778854971157
1207	0.22406741136488878
1208	0.2240669008617207
1209	0.2240669364398576
1210	0.22406778996475907
1211	0.22406704889896117
1212	0.22406789955238135
1213	0.22406663513382408
1214	0.2240674842819774
1215	0.22406661854590113
1216	0.22406889194305926
1217	0.2240679488058545
1218	0.22406737243881522
1219	0.22406663829363105
1220	0.22406669670771182
1221	0.2240665992765994
1222	0.22406787576732895
1223	0.22406698959011445
1224	0.224066541286401
1225	0.2240686858400231
1226	0.2240665684666699
1227	0.22406782882423298
1228	0.22406691787293873
1229	0.22406726893046722
1230	0.2240670845549761
1231	0.2240742882535208
1232	0.22406731399099844
1233	0.22406670556399205
1234	0.22406769889194683
1235	0.22406812590733985
1236	0.224066147036168
1237	0.22406707003565335
1238	0.22406672513160114
1239	0.224066846359753
1240	0.22406834847091425
1241	0.22406658397326126
1242	0.22406774566567492
1243	0.22406646021672216
1244	0.22406709278004347
1245	0.22406870806859797
1246	0.22406804686999704
1247	0.22407036527550023
1248	0.22406689783570233
1249	0.22406646082126838
1250	0.22406673734332938
1251	0.22407380719936199
1252	0.2240676896710903
1253	0.22406804484859416
1254	0.22406845193859945
1255	0.22406699592334922
1256	0.22406721607084826
1257	0.22406801208908386
1258	0.2240687029683416
1259	0.22406787572656492
1260	0.2240664017467785
1261	0.2240674197940849
1262	0.22406703344728898
1263	0.2240665968490174
1264	0.22406701088828218
1265	0.22406746573250858
1266	0.2240673992533939
1267	0.22406839250396582
1268	0.22406680244059718
1269	0.22406720431617336
1270	0.22406751550293152
1271	0.2240674051864701
1272	0.22406669411076294
1273	0.2240665824620842
1274	0.22406664989495775
1275	0.22406859572990645
1276	0.22406673871299757
1277	0.22406777481057188
1278	0.22406829413796236
1279	0.22406653221495007
1280	0.2240669209924214
1281	0.22406774380290784
1282	0.22406663134011173
1283	0.22406789693507553
1284	0.22406749484303098
1285	0.22406719118313265
1286	0.2240666678667545
1287	0.22406724874535922
1288	0.2240670957314783
1289	0.224068407812162
1290	0.2240663090225992
1291	0.2240672410344612
1292	0.22406756556012594
1293	0.2240686526378584
1294	0.2240682030987015
1295	0.22406655175476609
1296	0.22406687661094096
1297	0.2240666442174396
1298	0.22406661911071887
1299	0.22406733034730747
1300	0.224066475792934
1301	0.22406761436527328
1302	0.22406736089892731
1303	0.2240692201134858
1304	0.22406793802096295
1305	0.22407474703101346
1306	0.22406897495858846
1307	0.22406803836862635
1308	0.22406660181322943
1309	0.22406753996734127
1310	0.22406756431227579
1311	0.2240671964851152
1312	0.2240674138046607
1313	0.22406739695410907
1314	0.2240672170972418
1315	0.22406896934642112
1316	0.22406632060880033
1317	0.2240672109740606
1318	0.22406792338659784
1319	0.22406741433938518
1320	0.2240676146009365
1321	0.22406690195245027
1322	0.22406662365263788
1323	0.2240676393327645
1324	0.22407276682650595
1325	0.22406804279359246
1326	0.2240676286294158
1327	0.22406705665735419
1328	0.2240665322042143
1329	0.22406714395310046
1330	0.22407561319218164
1331	0.2240669308456041
1332	0.22406846788449045
1333	0.22406757134755975
1334	0.22406770342595161
1335	0.2240687182877861
1336	0.22406698685794424
1337	0.2240675063058062
1338	0.2240679412047786
1339	0.22406863949991354
1340	0.22406736914468686
1341	0.2240679522718153
1342	0.2240683827922403
1343	0.22406745187446708
1344	0.22407132380352754
1345	0.22407228932779238
1346	0.22406685839813448
1347	0.22406715651951692
1348	0.22406811658740142
1349	0.22406704552022327
1350	0.2240669497271753
1351	0.22406758263813
1352	0.22406863340070418
1353	0.2240667956946751
1354	0.22406704977199673
1355	0.22406926847654574
1356	0.22406789315158313
1357	0.22406688751474094
1358	0.22406730161301258
1359	0.2240666164103275
1360	0.2240681970539022
1361	0.22406805059917814
1362	0.22406683597711116
1363	0.2240668824450961
1364	0.22406694245935585
1365	0.2240664027387587
1366	0.22406694647680964
1367	0.22406748733009246
1368	0.22406715264445695
1369	0.22406721087534368
1370	0.22406748594027032
1371	0.22406639679126197
1372	0.22406750205620476
1373	0.22406742492978451
1374	0.22406819752280976
1375	0.2240687658588585
1376	0.22406728945384358
1377	0.2240666793020724
1378	0.22406708625288263
1379	0.22406635678812115
1380	0.2240674089862182
1381	0.22406706988345035
1382	0.22407438535717164
1383	0.22406668376591787
1384	0.22407086136976245
1385	0.22406755063101474
1386	0.224068261317242
1387	0.22407219806776404
1388	0.22406692126219818
1389	0.2240675782951828
1390	0.2240671782245862
1391	0.22406633736261455
1392	0.22406734114925045
1393	0.22406691972405687
1394	0.2240678309694974
1395	0.224067849716688
1396	0.22406803883922502
1397	0.2240667318533439
1398	0.22406948959274875
1399	0.22406763429530088
1400	0.2240704608724104
1401	0.22406688049058912
1402	0.22406758647729347
1403	0.22406657481812048
1404	0.22406771963056105
1405	0.22406855584599422
1406	0.2240675302332835
1407	0.22406674451663297
1408	0.22406795241246696
1409	0.22406810787400486
1410	0.22407956590055714
1411	0.22406696612597812
1412	0.22406665472243278
1413	0.2240671236043895
1414	0.2240710937916557
1415	0.22406805012121528
1416	0.2240665771370444
1417	0.2240663052086449
1418	0.22406666360681873
1419	0.22407630145694793
1420	0.22406783351232226
1421	0.22406788324325286
1422	0.22406675710335447
1423	0.224068427312467
1424	0.22406720200398872
1425	0.22406689688350656
1426	0.22406683826632592
1427	0.22406697084962834
1428	0.22406687139135406
1429	0.2240666699678767
1430	0.22406938593684683
1431	0.22406740062363115
1432	0.22406759317536926
1433	0.22406802299897505
1434	0.22406770378848626
1435	0.22406891196195017
1436	0.22406828383530225
1437	0.22407504984690274
1438	0.2240680155118849
1439	0.2240668253717072
1440	0.224073916792231
1441	0.22406701230026566
1442	0.22406952932254967
1443	0.22406754428029907
1444	0.2240677044902261
1445	0.22406674461969137
1446	0.2240726444648737
1447	0.22406688730020924
1448	0.22406789916487452
1449	0.22406729731585096
1450	0.22406718371410378
1451	0.2240673886692948
1452	0.2240680075584243
1453	0.22406690595100026
1454	0.22406823076453208
1455	0.22406689376794822
1456	0.22406722977143664
1457	0.22406692435196307
1458	0.22406759110960792
1459	0.22407709815813137
1460	0.22406725266751729
1461	0.22406715994411494
1462	0.2240669990539056
1463	0.22406684417470518
1464	0.22406838293200246
1465	0.2240682234120538
1466	0.22406846721608664
1467	0.22406796003478366
1468	0.22406795996762074
1469	0.22406772465893332
1470	0.22406711174095925
1471	0.22406767372006636
1472	0.22406768825064793
1473	0.22407260620519281
1474	0.2240667328593022
1475	0.22406799771403102
1476	0.22406793290411656
1477	0.22406769842889765
1478	0.2240671422783669
1479	0.22407329103960277
1480	0.22406662712814251
1481	0.22406698839948935
1482	0.22406764210226437
1483	0.22406847155448806
1484	0.2240675717056901
1485	0.22406929535853443
1486	0.22406825896125462
1487	0.2240669654033958
1488	0.22406748726454767
1489	0.22407019947179369
1490	0.22406694412073852
1491	0.22406715121586032
1492	0.22406728467936646
1493	0.22406835459676647
1494	0.22406815687746753
1495	0.22406725197462177
1496	0.22406773380552267
1497	0.22406672511319387
1498	0.2240675253531485
1499	0.22406764175817714
1500	0.22406808389139074
1501	0.22406715781923361
1502	0.22406648555675027
1503	0.22406797858694985
1504	0.22406830560406052
1505	0.22406698828912744
1506	0.22406847109876574
1507	0.22406714230733546
1508	0.22406698896729813
1509	0.22406913290114056
1510	0.22406830318476312
1511	0.22406710558624784
1512	0.22406808100855832
1513	0.224066916415164
1514	0.22406872938561664
1515	0.22406683131058228
1516	0.22406742501144689
1517	0.22406738744570967
1518	0.22406752226386528
1519	0.2240667650616341
1520	0.22406953252438855
1521	0.22406782371275893
1522	0.22406711414185335
1523	0.2240673364360273
1524	0.22406752381555373
1525	0.22406682927173507
1526	0.22406850922948868
1527	0.2240669656591997
1528	0.2240679429965404
1529	0.22406809139722383
1530	0.22406739139913123
1531	0.2240670993406792
1532	0.22406716081110933
1533	0.22406693364414812
1534	0.2240674101909761
1535	0.22406802103645765
1536	0.22406907642597249
1537	0.22406732023381237
1538	0.22406709710125045
1539	0.22407458672472572
1540	0.2240679209465086
1541	0.22406767264520083
1542	0.2240669483430213
1543	0.224067330956522
1544	0.2240678404127995
1545	0.22407158541502958
1546	0.2240676037027706
1547	0.22406789115492762
1548	0.22406738372508983
1549	0.2240673655537625
1550	0.2240675588660991
1551	0.22406745639946063
1552	0.2240673984131929
1553	0.2240672671748503
1554	0.2240671880596527
1555	0.22406813126006897
1556	0.2240724314367172
1557	0.2240670234883182
1558	0.2240675062931289
1559	0.22406818828428196
1560	0.2240670842077458
1561	0.224067876569029
1562	0.2240678150799426
1563	0.22406727476405233
1564	0.2240684047314243
1565	0.22406711063895976
1566	0.22406754304429388
1567	0.22407642334324235
1568	0.22406710015198703
1569	0.22406779038432154
1570	0.2240684418063009
1571	0.22406849701031642
1572	0.22406757408605504
1573	0.22406677271026848
1574	0.22406735769165
1575	0.2240677881375992
1576	0.2240682648281414
1577	0.22406724520057097
1578	0.22406902095022924
1579	0.22406868645207087
1580	0.22406707754639557
1581	0.22407048985925476
1582	0.22406693408541864
1583	0.2240669897357567
1584	0.22406760347010435
1585	0.22406767899875987
1586	0.22406714435479752
1587	0.22406672125920424
1588	0.22407095501658536
1589	0.22406787301363873
1590	0.22406910145388675
1591	0.22406697855238006
1592	0.22406714219623922
1593	0.22406806986065056
1594	0.22406735745329528
1595	0.22406729479458534
1596	0.2240667209055732
1597	0.22406770102317516
1598	0.2240687254264551
1599	0.22406760873044143
1600	0.22406728453782898
1601	0.22407652711341947
1602	0.22406770436950163
1603	0.22406916164005442
1604	0.22406703180353815
1605	0.2240671244373607
1606	0.22406695183221195
1607	0.2240671939065589
1608	0.2240670992050646
1609	0.2240688262314382
1610	0.22406699112607265
1611	0.22406759594473882
1612	0.22407612006296562
1613	0.2240672449749936
1614	0.22406735148650864
1615	0.22407200259942894
1616	0.22406766930801952
1617	0.2240746533371561
1618	0.22406787639363465
1619	0.2240676935543111
1620	0.22406769896088957
1621	0.22406774024626278
1622	0.22406742816325603
1623	0.22406728563761152
1624	0.22407241706851533
1625	0.22406703501781872
1626	0.2240672105120972
1627	0.22407500459144586
1628	0.22406839002879403
1629	0.22406853040646132
1630	0.2240676715554627
1631	0.22406789348994763
1632	0.2240673789870797
1633	0.2240679440274664
1634	0.22406744397682288
1635	0.22406700933105012
1636	0.22406730025329089
1637	0.224068281967214
1638	0.22406776297922876
1639	0.22406726772447064
1640	0.22406764327762313
1641	0.22406690840512708
1642	0.22406766983805415
1643	0.22407356186113905
1644	0.22406711595585396
1645	0.2240679052572238
1646	0.224067588385236
1647	0.22406721051396794
1648	0.22406717999609857
1649	0.2240673016437138
1650	0.2240675863004397
1651	0.22406751306929093
1652	0.22406828532165388
1653	0.22406751151428397
1654	0.2240676288274358
1655	0.22406740098671696
1656	0.22406701987228156
1657	0.22406882983148782
1658	0.22406733117202327
1659	0.22406736642879377
1660	0.22406847204022196
1661	0.22406875476435067
1662	0.224068540340963
1663	0.2240681088533507
1664	0.22406712764210474
1665	0.22406845459584032
1666	0.22406684364679916
1667	0.2240713843634428
1668	0.22406892372833687
1669	0.2240678879847406
1670	0.2240672039932617
1671	0.22406715752534423
1672	0.2240670604844316
1673	0.22406725036814762
1674	0.22406809969945232
1675	0.22406792831842925
1676	0.2240681919352944
1677	0.22406700286353406
1678	0.22406853674908375
1679	0.2240670536899517
1680	0.2240745587326252
1681	0.22406871385993463
1682	0.22406711627070713
1683	0.22406740137166462
1684	0.22406721829032403
1685	0.22406781934056763
1686	0.22407284308175596
1687	0.22406839945036186
1688	0.22406803060429478
1689	0.22406748060731138
1690	0.22406671383392088
1691	0.2240673356308445
1692	0.22406852648315095
1693	0.22406690667087525
1694	0.22406828784483854
1695	0.22406782740167647
1696	0.22406790973392163
1697	0.22406738877684895
1698	0.2240677777482215
1699	0.22406699266098687
1700	0.22406729030342135
1701	0.22407371239314564
1702	0.22407089005200467
1703	0.2240692029655187
1704	0.2240680255776488
1705	0.22406713745154258
1706	0.22406714694302174
1707	0.22406755384699611
1708	0.2240682667377945
1709	0.22406769881118213
1710	0.22406715717690237
1711	0.22406764264424478
1712	0.2240670242940141
1713	0.22406820332223804
1714	0.22406796896829034
1715	0.22407423688815079
1716	0.22406792116494986
1717	0.22406795462588827
1718	0.22406750718636395
1719	0.2240754109192637
1720	0.22406858888361472
1721	0.22406811936571275
1722	0.22407856397950288
1723	0.224068147827889
1724	0.2240678279259413
1725	0.2240682490660058
1726	0.22406792141284082
1727	0.22406707109953897
1728	0.22406865741713028
1729	0.22407369154670465
1730	0.22406840945563639
1731	0.22406702115061639
1732	0.22406836458544083
1733	0.22407440784676547
1734	0.22406735889462018
1735	0.2240683330211271
1736	0.22407964541630845
1737	0.22406904709353095
1738	0.22406760280306387
1739	0.224067748847028
1740	0.2240673188576056
1741	0.22406708924409224
1742	0.22406694368971736
1743	0.22406766784246537
1744	0.22406718811005086
1745	0.22406782224091434
1746	0.22406815086517518
1747	0.22406844686669333
1748	0.22406683532564795
1749	0.22406818138987591
1750	0.22406750147027113
1751	0.22406731824113874
1752	0.22406804091859944
1753	0.22406846490017374
1754	0.2240690151560097
1755	0.22406803320772598
1756	0.22406777210036735
1757	0.22406746699982205
1758	0.22406785189716283
1759	0.22406744221709918
1760	0.2240754602763387
1761	0.22406801595275816
1762	0.22406869546996644
1763	0.2240778142267626
1764	0.22406671704955217
1765	0.22406741263341176
1766	0.22407419264550626
1767	0.22406742207436414
1768	0.2240685977200694
1769	0.2240670538286006
1770	0.22407395242943656
1771	0.22406698466415326
1772	0.22406823085559918
1773	0.22406707169002302
1774	0.22406821056441192
1775	0.2240675151932473
1776	0.2240742079085264
1777	0.2240672129542159
1778	0.224067354789807
1779	0.22406788463703303
1780	0.22406776195277342
1781	0.22407312180499578
1782	0.22406675554879585
1783	0.22406780079289873
1784	0.22406761329521674
1785	0.22406914799424552
1786	0.22406702240651527
1787	0.2240668850128623
1788	0.22406786581565202
1789	0.22406699470587316
1790	0.22406822697215842
1791	0.22406822148789027
1792	0.2240679362506461
1793	0.22406731724247192
1794	0.22406737640574434
1795	0.22406831065523572
1796	0.22406846934232488
1797	0.22406738651937905
1798	0.22406728241692858
1799	0.2240683226197768
1800	0.22406894523102105
1801	0.2240690613108328
1802	0.22406755619954238
1803	0.22407536494682187
1804	0.22406848722833025
1805	0.22406714451119455
1806	0.22406740247870507
1807	0.2240725426823063
1808	0.22406743167267923
1809	0.2240687910079148
1810	0.22406742723075457
1811	0.22406748493525933
1812	0.2240678650815719
1813	0.22406784603739457
1814	0.22406753624517298
1815	0.2240671931250866
1816	0.22406687052600843
1817	0.22406764007498645
1818	0.2240678812968904
1819	0.22406759757487846
1820	0.22406880494918036
1821	0.22406748817389222
1822	0.2240773292995403
1823	0.22406859786371364
1824	0.22406946520441764
1825	0.22407454152805395
1826	0.22406779256653206
1827	0.22406730702708585
1828	0.22406814966711985
1829	0.22406901952867397
1830	0.22406760124412403
1831	0.22406746513050282
1832	0.22406865794381986
1833	0.2240742644163816
1834	0.22406854414470515
1835	0.22406819752188
1836	0.22406838967623396
1837	0.22406756965318764
1838	0.22406795770764906
1839	0.2240669512902364
1840	0.224068518569157
1841	0.22406728839660742
1842	0.22406708720892982
1843	0.22406827683814173
1844	0.22406831738386748
1845	0.2240678034056407
1846	0.22406762487835702
1847	0.22406696560613495
1848	0.2240679741409233
1849	0.22406784421381779
1850	0.2240687595014907
1851	0.2240680589308922
1852	0.22406989299745103
1853	0.22406818487636138
1854	0.22408516394060296
1855	0.22406807291983816
1856	0.22406800352956513
1857	0.22406730240657835
1858	0.22406731610926645
1859	0.2240682802054761
1860	0.22406881550224664
1861	0.22406748113957772
1862	0.22406720675794606
1863	0.22406771877813997
1864	0.2240670586498249
1865	0.22406758330196536
1866	0.22406811060430068
1867	0.22406746222985388
1868	0.22406736843889227
1869	0.2240684429488155
1870	0.22406826827190804
1871	0.2240678808738558
1872	0.22406721103655514
1873	0.22406757472168087
1874	0.22406906063306503
1875	0.22406709364910576
1876	0.2240689090813588
1877	0.22406705700365032
1878	0.22406701473518428
1879	0.2240685766345149
1880	0.22406720682571848
1881	0.2240670593760996
1882	0.22406854184783928
1883	0.22406807474561283
1884	0.22406748336552693
1885	0.22406700753704908
1886	0.22406815865272425
1887	0.224068635702831
1888	0.22406803044115192
1889	0.22406959134917379
1890	0.22406912555118041
1891	0.224068394586706
1892	0.2240679518502608
1893	0.22407553330375027
1894	0.22406729236174247
1895	0.22407309488117685
1896	0.2240724779550666
1897	0.22406833734885803
1898	0.22406844181430335
1899	0.2240693740972287
1900	0.22406898540703313
1901	0.22407423780512048
1902	0.224067794192699
1903	0.22406869207573565
1904	0.22406742465415955
1905	0.2240673391960671
1906	0.22406750355944197
1907	0.22407300151172324
1908	0.224067266766172
1909	0.22406767425333904
1910	0.22406725701970107
1911	0.2240687746503519
1912	0.22407306321376497
1913	0.22406756391732208
1914	0.22406906132017926
1915	0.22406839456910707
1916	0.2240679386042971
1917	0.22407153532556226
1918	0.22406941871247305
1919	0.2240677041980468
1920	0.22406794773378416
1921	0.22406725729044677
1922	0.22406723351499808
1923	0.22406698510030376
1924	0.2240677043529675
1925	0.22406860105822468
1926	0.22406757380843786
1927	0.22406810539789263
1928	0.2240674782022463
1929	0.22406723130890685
1930	0.2240736253136889
1931	0.22406746955783824
1932	0.2240672108249564
1933	0.22406740424298785
1934	0.2240690108613179
1935	0.22406729491365734
1936	0.2240676972051626
1937	0.22406852271113034
1938	0.22406786349147986
1939	0.2240683751571445
1940	0.2240671930305749
1941	0.2240689576865933
1942	0.2240678185564561
1943	0.22406842430930024
1944	0.22408101603497613
1945	0.22406750493563687
1946	0.2240684008416631
1947	0.22406824539458406
1948	0.22406750545060586
1949	0.22406837356453127
1950	0.22406693852730378
1951	0.22406784915778416
1952	0.22406822264426746
1953	0.22406723679894394
1954	0.22406762636230515
1955	0.2240743922752119
1956	0.224074918291938
1957	0.22406751152632476
1958	0.22407298834688422
1959	0.22406823058738407
1960	0.2240677572160973
1961	0.2240689209737287
1962	0.22406831569816454
1963	0.22406906124042528
1964	0.22407182778115275
1965	0.22406706858460973
1966	0.22406949475838223
1967	0.22406756340146813
1968	0.22406847225254725
1969	0.22406772274358078
1970	0.2240677733799616
1971	0.2240682537335843
1972	0.2240677023198452
1973	0.22406852846751985
1974	0.22406782185241053
1975	0.22406768904662447
1976	0.22406708706771808
1977	0.22406750568057102
1978	0.22406728737061868
1979	0.22406733168275952
1980	0.2240671687625475
1981	0.22406899069740413
1982	0.22406703782825274
1983	0.2240674523101979
1984	0.22406835341951248
1985	0.22407127647474429
1986	0.2240678437579635
1987	0.22406759679070937
1988	0.2240686123981451
1989	0.22406785532038204
1990	0.2240673266510528
1991	0.22407063888923856
1992	0.22407255020237374
1993	0.22406771548593007
1994	0.22407215338253528
1995	0.22406735885035892
1996	0.2240674560734016
1997	0.2240673656424751
1998	0.22406830241741785
1999	0.2240683446694869
